Vx1 = [23.3 31.6 33.7 39.7 46.0 51.5 57.4 61.0 66.4 72.3 74.9 ...
       71.5 79.3 84.8 91.5 88.7]; % x coordinates of dot 1-16
Vy1 = [102.8 97.0 90.9 84.2 78.6 78.0 75.6 72.8 71.0 71.0 65.7 ...
       57.2 55.6 64.1 68.5 73.6]; % y coordinates of dot 1-16
Vx2 = [39.7 33.1 37.9 42.8 46.7 53.1 60.5 67.8 86.4 93.4 99.4 ...
       70.9 59.9 57.4 55.8 54.5];% x coordinates of dot 17-32
Vy2 = [76.3 69.3 66.5 61.4 56.4 54.1 53.0 53.0 51.9 48.2 47.7 ...
       94.9 93.9 85.8 68.3 61.1];% y coordinates of dot 17-32
Vx3 = [51.6 50.2 47.1 47.1 52.0 60.3 70.1 36.3 27.9 21.0 13.2  1.3];
% x coordinates of dot 33-44
Vy3 = [46.4 38.7 32.5 24.1 18.2 10.5 4.4  59.5 59.0 57.4 58.2 56.3];
% y coordinates of dot 33-44
Vx = [Vx1 Vx2 Vx3];
Vy = [Vy1 Vy2 Vy3];
%V是两行一列的矩阵
V = [Vx;Vy];

Line1 = [Vx(1:16);Vy(1:16)];
Line2 = [Vx(5) Vx(17:24) Vx(12:13) Vx(25:27);
        Vy(5) Vy(17:24) Vy(12:13) Vy(25:27)];
Line3 = [Vx(28:30) Vx(7) Vx(31:32) Vx(22) Vx(33:39); ...
        Vy(28:30) Vy(7) Vy(31:32) Vy(22) Vy(33:39)];
Line4 = [Vx(20) Vx(40:44);Vy(20) Vy(40:44)];
% indexes of Line1,2,3,4,respectively

% rho = zeros(1,length(Vx));
% rho(5) = 3;rho(7) = 4;rho(12) = 3;rho(13) = 3;rho(20) = 3;;rho(22) = 4;
% rho(rho==0) = 2;
% rho1 = [2 2 2 2 3 2 4 2 2 2 2 3 3 2 2 2];
% rho2 = [3 2 2 2 3 2 4 2 2 3 3 2 2 2];
% rho3 = [2 2 2 4 2 2 4 2 2 2 2 2 2 2];
% rho4 = [2 2 2 2 2 3];
% the degree of station on each line