% Vx1 = [23.3 31.6 33.7 39.7 46.0 51.5 57.4 61.0 66.4 72.3 74.9 ...
%        71.5 79.3 84.8 91.5 88.7]; % x coordinates of dot 1-16
% Vy1 = [102.8 97.0 90.9 84.2 78.6 78.0 75.6 72.8 71.0 71.0 65.7 ...
%        57.2 55.6 64.1 68.5 73.6]; % y coordinates of dot 1-16
% Vx2 = [39.7 33.1 37.9 42.8 46.7 53.1 60.5 67.8 86.4 93.4 99.4 ...
%        70.9 59.9 57.4 55.8 54.5];% x coordinates of dot 17-32
% Vy2 = [76.3 69.3 66.5 61.4 56.4 54.1 53.0 53.0 51.9 48.2 47.7 ...
%        94.9 93.9 85.8 68.3 61.1];% y coordinates of dot 17-32
% Vx3 = [51.6 50.2 47.1 47.1 52.0 60.3 70.1 36.3 27.9 21.0 13.2  1.3];
% % x coordinates of dot 33-44
% Vy3 = [46.4 38.7 32.5 24.1 18.2 10.5 4.4  59.5 59.0 57.4 58.2 56.3];
% % y coordinates of dot 33-44
% Vx = [Vx1 Vx2 Vx3];
% Vy = [Vy1 Vy2 Vy3];
% %V是两行一列的矩阵
% V = [Vx;Vy];

% Line1 = [Vx(1:16);Vy(1:16)];
% Line2 = [Vx(5) Vx(17:24) Vx(12:13) Vx(25:27);
%         Vy(5) Vy(17:24) Vy(12:13) Vy(25:27)];
% Line3 = [Vx(28:30) Vx(7) Vx(31:32) Vx(22) Vx(33:39); ...
%         Vy(28:30) Vy(7) Vy(31:32) Vy(22) Vy(33:39)];
% Line4 = [Vx(20) Vx(40:44);Vy(20) Vy(40:44)];
%%%%%%%%%%%%%%%%%%%%%%%%%%%%%%%%%%%%%%%%%%%%%%%%%%%%%%%%%%%%%%%%%%%%%%%%%%%%%%%%%%%%%%%%%
% indexes of Line1,2,3,4,respectively

% rho = zeros(1,length(Vx));
% rho(5) = 3;rho(7) = 4;rho(12) = 3;rho(13) = 3;rho(20) = 3;;rho(22) = 4;
% rho(rho==0) = 2;
% rho1 = [2 2 2 2 3 2 4 2 2 2 2 3 3 2 2 2];
% rho2 = [3 2 2 2 3 2 4 2 2 3 3 2 2 2];
% rho3 = [2 2 2 4 2 2 4 2 2 2 2 2 2 2];
% rho4 = [2 2 2 2 2 3];
% the degree of station on each line

Vx1=[1334 195 1207 437 978 1111 1120 917 812 1333 1433 940 990 881 1000 307 1011 1034 928 1215 1168 1128 1756 1686 847 1089 1130 936 874 955 1217 1073 1119 1366 2431 1670 1048 1121 1224 946 1123 1438 865 1409 1211 394 1325 759 920 1358 960 1397 1208 1225 987 1025 809 866 66 1531 943 942 1174 1209 1147 2044 1059 1453 1522 756 843 1503 1024 919 1119 881 735 675 659 951 828 1102 998 1362 26 874 1706 1222 1422 1075 1102 1276 1261 1942 2034 415 387 464 1065 936 1017 1249 1233 979 1220 1136 1004 1204 989 1583 1516 1476 917 1418 926 699 654 929 1296 1026 652 1439 1521 952 1261 1130 859 896 1210 2375 1182 1228 1165 1831 1149 778 802 1017 1042 1055 829 1347 1062 1309 957 901 1173 1105 1139 1186 765 1451 1112 528 742 1306 800 884 1134 1065 1179 665 1273 1274 759 1030 1273 1236 2072 1198 1293 741 781 811 818 794 1096 1152 1105 1211 1247 1203 1059 1227 912 855 792 1247 1056 1308 1040 976 250 382 1016 996 1017 892 1009 1198 392 1550 844 1014 1134 1127 1258 1327 1273 2201 1145 864 1133 1184 482 401 396 395 395 1158 1181 769 923 1634 1234 741 1199 1128 1067 1009 1198 1433 1477 868 850 832 1034 1222 1436 1440 976 785 1088 1149 1273 1174 1613 954 1199 1107 1087 798 951 1467 995 600 938 1281 1050 1479 1253 1321 1230 1161 1164 1761 900 968 1199 1135 860 1163 1110 969 1386 1142 1280 1924 1059 1392 1181 1176 1434 1155 1139 1000 160 1034 836 909 977 708 1162 1060 936 1008 1089 1491 1440 894 784 1071 391];
Vy1=[1476 1505 1453 1700 1782 1379 1870 676 1259 1337 1421 1335 1096 1103 1124 1522 1320 1250 1557 732 1104 1480 1158 1249 857 1224 1508 1522 1312 1455 1401 1184 1297 1358 208 1004 1173 1408 1317 585 1045 1513 1051 1485 1110 810 1180 1348 1346 1479 1859 1725 1154 1066 1732 1609 1697 1002 1530 1241 1090 1118 1374 1509 1404 1097 1343 1665 710 1087 1090 787 1220 1081 1445 1068 1174 1184 1183 1193 990 1108 1679 1242 1539 548 1193 1033 1118 1272 1281 1530 1471 706 613 1856 1807 1647 1213 613 1354 1424 1459 1272 1554 1563 1912 810 1211 1418 1475 1218 561 1398 1312 1343 1343 1007 1161 1282 991 1478 966 1395 1243 1268 1438 968 774 265 1411 1180 1029 1179 1003 1741 1126 1101 1112 1153 1184 1213 1067 1459 1307 1241 929 1200 1243 1333 1846 1044 1236 1610 1892 1326 525 1617 1333 1302 1233 1534 1595 1437 1763 1567 1281 1339 1031 851 1036 1052 972 1621 1447 1331 1348 1464 1315 1009 1021 1588 1257 1307 1597 1614 1170 1215 1370 1269 1475 1047 1494 1653 1155 1144 1231 1417 1132 1030 879 1477 900 1060 1144 1193 1302 1236 1621 385 1822 1201 1380 1459 925 707 472 578 626 1786 1698 1266 1192 1250 1236 1482 1386 1354 1913 1651 1485 1707 1617 935 1254 535 1519 1538 1448 1553 1319 1466 1420 1210 1561 1261 677 1421 1642 1258 1335 1061 1493 992 1185 1167 1237 1505 1448 1476 1161 1297 1380 1071 1130 694 1199 1157 1619 1612 827 1437 1899 1822 1062 1300 1316 1202 1089 1375 1143 1742 1209 1653 1117 1341 1506 1200 1313 1376 1362 1032 1155 1405 1265 1390 1384 897 1586 751 1101 1325 527];
Vx = [Vx1];
Vy = [Vy1];
%V是两行一列的矩阵
V = [Vx;Vy];
Line1=[Vx(203) Vx(234) Vx(128) Vx(118) Vx(192) Vx(13) Vx(196) Vx(255) Vx(73) Vx(18) Vx(183) Vx(91) Vx(179) Vx(251) Vx(67) Vx(189) Vx(294) Vx(259) Vx(191) Vx(237) Vx(166) Vx(56) Vx(230) Vx(83) Vx(55) Vx(5) Vx(274) Vx(51);Vy(203) Vy(234) Vy(128) Vy(118) Vy(192) Vy(13) Vy(196) Vy(255) Vy(73) Vy(18) Vy(183) Vy(91) Vy(179) Vy(251) Vy(67) Vy(189) Vy(294) Vy(259) Vy(191) Vy(237) Vy(166) Vy(56) Vy(230) Vy(83) Vy(55) Vy(5) Vy(274) Vy(51)];
Line2=[Vx(169) Vx(66) Vx(278) Vx(134) Vx(23) Vx(87) Vx(24) Vx(224) Vx(60) Vx(112) Vx(283) Vx(142) Vx(208) Vx(190) Vx(207) Vx(39) Vx(150) Vx(159) Vx(179) Vx(160) Vx(120) Vx(104) Vx(295) Vx(146) Vx(235) Vx(9) Vx(222) Vx(78) Vx(79) Vx(256);Vy(169) Vy(66) Vy(278) Vy(134) Vy(23) Vy(87) Vy(24) Vy(224) Vy(60) Vy(112) Vy(283) Vy(142) Vy(208) Vy(190) Vy(207) Vy(39) Vy(150) Vy(159) Vy(179) Vy(160) Vy(120) Vy(104) Vy(295) Vy(146) Vy(235) Vy(9) Vy(222) Vy(78) Vy(79) Vy(256)];
Line3=[Vx(192) Vx(204) Vx(138) Vx(15) Vx(268) Vx(80) Vx(257) Vx(295) Vx(115) Vx(12) Vx(291) Vx(296) Vx(189) Vx(6) Vx(38) Vx(75) Vx(22) Vx(27) Vx(106) Vx(270) Vx(284) Vx(221) Vx(282) Vx(220) Vx(211) Vx(7) Vx(273) Vx(229) Vx(107);Vy(192) Vy(204) Vy(138) Vy(15) Vy(268) Vy(80) Vy(257) Vy(295) Vy(115) Vy(12) Vy(291) Vy(296) Vy(189) Vy(6) Vy(38) Vy(75) Vy(22) Vy(27) Vy(106) Vy(270) Vy(284) Vy(221) Vy(282) Vy(220) Vy(211) Vy(7) Vy(273) Vy(229) Vy(107)];
Line4=[Vx(268) Vx(196) Vx(195) Vx(37) Vx(32) Vx(148) Vx(244) Vx(161) Vx(225) Vx(125) Vx(167) Vx(207) Vx(168) Vx(263) Vx(31) Vx(131) Vx(65) Vx(6) Vx(189) Vx(296) Vx(291) Vx(12) Vx(115) Vx(295) Vx(257) Vx(80);Vy(268) Vy(196) Vy(195) Vy(37) Vy(32) Vy(148) Vy(244) Vy(161) Vy(225) Vy(125) Vy(167) Vy(207) Vy(168) Vy(263) Vy(31) Vy(131) Vy(65) Vy(6) Vy(189) Vy(296) Vy(291) Vy(12) Vy(115) Vy(295) Vy(257) Vy(80)];
Line5=[Vx(203) Vx(25) Vx(271) Vx(300) Vx(8) Vx(100) Vx(40) Vx(113) Vx(86) Vx(236) Vx(157);Vy(203) Vy(25) Vy(271) Vy(300) Vy(8) Vy(100) Vy(40) Vy(113) Vy(86) Vy(236) Vy(157)];
Line6=[Vx(52) Vx(232) Vx(68) Vx(233) Vx(299) Vx(240) Vx(42) Vx(122) Vx(239) Vx(11) Vx(114) Vx(280) Vx(34) Vx(10) Vx(156) Vx(277) Vx(207) Vx(167) Vx(125) Vx(188) Vx(132) Vx(53) Vx(45) Vx(54) Vx(88) Vx(200) Vx(133) Vx(41);Vy(52) Vy(232) Vy(68) Vy(233) Vy(299) Vy(240) Vy(42) Vy(122) Vy(239) Vy(11) Vy(114) Vy(280) Vy(34) Vy(10) Vy(156) Vy(277) Vy(207) Vy(167) Vy(125) Vy(188) Vy(132) Vy(53) Vy(45) Vy(54) Vy(88) Vy(200) Vy(133) Vy(41)];
Line7=[Vx(84) Vx(142) Vx(47) Vx(119) Vx(261) Vx(53) Vx(281) Vx(265) Vx(285) Vx(82) Vx(140) Vx(37) Vx(288) Vx(18) Vx(120) Vx(17) Vx(286) Vx(291) Vx(124) Vx(248) Vx(30) Vx(253) Vx(28) Vx(19) Vx(185) Vx(158) Vx(186) Vx(174) Vx(57) Vx(136) Vx(165) Vx(151) Vx(155);Vy(84) Vy(142) Vy(47) Vy(119) Vy(261) Vy(53) Vy(281) Vy(265) Vy(285) Vy(82) Vy(140) Vy(37) Vy(288) Vy(18) Vy(120) Vy(17) Vy(286) Vy(291) Vy(124) Vy(248) Vy(30) Vy(253) Vy(28) Vy(19) Vy(185) Vy(158) Vy(186) Vy(174) Vy(57) Vy(136) Vy(165) Vy(151) Vy(155)];
Line8=[Vx(20) Vx(129) Vx(108) Vx(170) Vx(147) Vx(135) Vx(41) Vx(264) Vx(21) Vx(265) Vx(293) Vx(244) Vx(149) Vx(126) Vx(33) Vx(179) Vx(177) Vx(297) Vx(243) Vx(75) Vx(178) Vx(214) Vx(3) Vx(103) Vx(93) Vx(258) Vx(92) Vx(245) Vx(163) Vx(209);Vy(20) Vy(129) Vy(108) Vy(170) Vy(147) Vy(135) Vy(41) Vy(264) Vy(21) Vy(265) Vy(293) Vy(244) Vy(149) Vy(126) Vy(33) Vy(179) Vy(177) Vy(297) Vy(243) Vy(75) Vy(178) Vy(214) Vy(3) Vy(103) Vy(93) Vy(258) Vy(92) Vy(245) Vy(163) Vy(209)];
